0	20	16	23	23	30	32	33	36	36
20	0	20	13	25	19	30	25	38	31
16	20	0	14	7	19	16	18	21	21
23	13	14	0	14	7	18	13	27	18
23	25	7	14	0	16	9	13	14	14
30	19	19	7	16	0	16	8	25	13
32	30	16	18	9	16	0	9	10	7
33	25	18	13	13	8	9	0	18	5
36	38	21	27	14	25	10	18	0	14
36	31	21	18	14	13	7	5	14	0
